# relative_time, cycles_done, cur_item, corpus_count, pending_total, pending_favs, map_size, saved_crashes, saved_hangs, max_depth, execs_per_sec, total_execs, edges_found
61, 2, 0, 1, 0, 0, 0.00%, 5, 0, 1, 117.00, 7562, 12
66, 2, 0, 1, 0, 0, 0.00%, 5, 0, 1, 126.08, 8202, 12
71, 2, 0, 1, 0, 0, 0.00%, 5, 0, 1, 128.54, 8874, 12
76, 2, 0, 1, 0, 0, 0.00%, 5, 0, 1, 123.15, 9466, 12
81, 3, 0, 1, 0, 0, 0.00%, 5, 0, 1, 124.38, 10093, 12
86, 3, 0, 1, 0, 0, 0.00%, 5, 0, 1, 116.60, 10681, 12
91, 3, 0, 1, 0, 0, 0.00%, 5, 0, 1, 118.45, 11290, 12
97, 3, 0, 1, 0, 0, 0.00%, 5, 0, 1, 127.21, 11910, 12
102, 3, 0, 1, 0, 0, 0.00%, 6, 0, 1, 121.83, 12519, 12
107, 3, 0, 1, 0, 0, 0.00%, 6, 0, 1, 126.88, 13161, 12
112, 4, 0, 1, 0, 0, 0.00%, 6, 0, 1, 124.36, 13776, 12
117, 4, 0, 1, 0, 0, 0.00%, 6, 0, 1, 109.56, 14292, 12
122, 4, 0, 1, 0, 0, 0.00%, 6, 0, 1, 111.08, 14851, 12
127, 4, 0, 1, 0, 0, 0.00%, 6, 0, 1, 115.09, 15427, 12
132, 4, 0, 1, 0, 0, 0.00%, 6, 0, 1, 120.05, 16006, 12
137, 4, 0, 1, 0, 0, 0.00%, 6, 0, 1, 120.70, 16602, 12
142, 5, 0, 1, 0, 0, 0.00%, 6, 0, 1, 114.25, 17161, 12
147, 5, 0, 1, 0, 0, 0.00%, 6, 0, 1, 117.97, 17749, 12
152, 5, 0, 1, 0, 0, 0.00%, 6, 0, 1, 120.01, 18360, 12
158, 5, 0, 1, 0, 0, 0.00%, 6, 0, 1, 117.53, 18958, 12
163, 5, 0, 1, 0, 0, 0.00%, 6, 0, 1, 129.47, 19605, 12
168, 5, 0, 1, 0, 0, 0.00%, 6, 0, 1, 121.56, 20232, 12
173, 6, 0, 1, 0, 0, 0.00%, 6, 0, 1, 126.30, 20879, 12
178, 6, 0, 1, 0, 0, 0.00%, 6, 0, 1, 119.84, 21490, 12
183, 6, 0, 1, 0, 0, 0.00%, 6, 0, 1, 108.77, 22046, 12
188, 6, 0, 1, 0, 0, 0.00%, 6, 0, 1, 115.99, 22637, 12
193, 6, 0, 1, 0, 0, 0.00%, 6, 0, 1, 117.49, 23245, 12
198, 7, 0, 1, 0, 0, 0.00%, 6, 0, 1, 122.30, 23850, 12
204, 7, 0, 1, 0, 0, 0.00%, 6, 0, 1, 122.48, 24490, 12
209, 7, 0, 1, 0, 0, 0.00%, 6, 0, 1, 111.98, 25059, 12
214, 7, 0, 1, 0, 0, 0.00%, 6, 0, 1, 113.47, 25647, 12
219, 7, 0, 1, 0, 0, 0.00%, 6, 0, 1, 112.35, 26228, 12
224, 7, 0, 1, 0, 0, 0.00%, 6, 0, 1, 113.76, 26774, 12
229, 8, 0, 1, 0, 0, 0.00%, 6, 0, 1, 114.89, 27363, 12
234, 8, 0, 1, 0, 0, 0.00%, 6, 0, 1, 122.70, 27977, 12
240, 8, 0, 1, 0, 0, 0.00%, 6, 0, 1, 111.42, 28554, 12
245, 8, 0, 1, 0, 0, 0.00%, 6, 0, 1, 114.87, 29148, 12
250, 8, 0, 1, 0, 0, 0.00%, 6, 0, 1, 112.63, 29719, 12
255, 8, 0, 1, 0, 0, 0.00%, 6, 0, 1, 120.21, 30341, 12
260, 9, 0, 1, 0, 0, 0.00%, 6, 0, 1, 123.95, 30962, 12
265, 9, 0, 1, 0, 0, 0.00%, 6, 0, 1, 118.66, 31558, 12
270, 9, 0, 1, 0, 0, 0.00%, 6, 0, 1, 114.51, 32127, 12
275, 9, 0, 1, 0, 0, 0.00%, 6, 0, 1, 118.87, 32725, 12
280, 9, 0, 1, 0, 0, 0.00%, 6, 0, 1, 116.86, 33312, 12
285, 9, 0, 1, 0, 0, 0.00%, 6, 0, 1, 114.34, 33882, 12
291, 10, 0, 1, 0, 0, 0.00%, 6, 0, 1, 122.78, 34501, 12
296, 10, 0, 1, 0, 0, 0.00%, 6, 0, 1, 116.30, 35087, 12
301, 10, 0, 1, 0, 0, 0.00%, 6, 0, 1, 113.84, 35694, 12
306, 10, 0, 1, 0, 0, 0.00%, 6, 0, 1, 127.00, 36340, 12
311, 10, 0, 1, 0, 0, 0.00%, 6, 0, 1, 114.84, 36919, 12
316, 10, 0, 1, 0, 0, 0.00%, 6, 0, 1, 128.12, 37557, 12
321, 11, 0, 1, 0, 0, 0.00%, 6, 0, 1, 112.96, 38131, 12
326, 11, 0, 1, 0, 0, 0.00%, 6, 0, 1, 118.21, 38731, 12
331, 11, 0, 1, 0, 0, 0.00%, 6, 0, 1, 123.53, 39342, 12
336, 11, 0, 1, 0, 0, 0.00%, 6, 0, 1, 123.16, 39978, 12
342, 11, 0, 1, 0, 0, 0.00%, 6, 0, 1, 126.02, 40621, 12
347, 11, 0, 1, 0, 0, 0.00%, 6, 0, 1, 115.54, 41193, 12
352, 12, 0, 1, 0, 0, 0.00%, 6, 0, 1, 117.64, 41782, 12
357, 12, 0, 1, 0, 0, 0.00%, 6, 0, 1, 118.12, 42380, 12
362, 12, 0, 1, 0, 0, 0.00%, 6, 0, 1, 114.15, 42951, 12
367, 12, 0, 1, 0, 0, 0.00%, 6, 0, 1, 121.27, 43583, 12
372, 12, 0, 1, 0, 0, 0.00%, 6, 0, 1, 116.77, 44170, 12
377, 12, 0, 1, 0, 0, 0.00%, 6, 0, 1, 115.59, 44744, 12
383, 13, 0, 1, 0, 0, 0.00%, 6, 0, 1, 110.88, 45305, 12
388, 13, 0, 1, 0, 0, 0.00%, 6, 0, 1, 103.49, 45857, 12
393, 13, 0, 1, 0, 0, 0.00%, 6, 0, 1, 107.29, 46434, 12
398, 13, 0, 1, 0, 0, 0.00%, 6, 0, 1, 113.79, 47014, 12
403, 13, 0, 1, 0, 0, 0.00%, 6, 0, 1, 111.42, 47559, 12
408, 13, 0, 1, 0, 0, 0.00%, 6, 0, 1, 115.99, 48153, 12
413, 14, 0, 1, 0, 0, 0.00%, 7, 0, 1, 119.15, 48774, 12
418, 14, 0, 1, 0, 0, 0.00%, 7, 0, 1, 115.31, 49364, 12
423, 14, 0, 1, 0, 0, 0.00%, 7, 0, 1, 109.16, 49915, 12
428, 14, 0, 1, 0, 0, 0.00%, 7, 0, 1, 108.87, 50461, 12
434, 14, 0, 1, 0, 0, 0.00%, 7, 0, 1, 124.70, 51108, 12
439, 14, 0, 1, 0, 0, 0.00%, 7, 0, 1, 114.18, 51674, 12
444, 15, 0, 1, 0, 0, 0.00%, 7, 0, 1, 115.98, 52265, 12
449, 15, 0, 1, 0, 0, 0.00%, 7, 0, 1, 124.79, 52937, 12
454, 15, 0, 1, 0, 0, 0.00%, 7, 0, 1, 122.95, 53564, 12
459, 15, 0, 1, 0, 0, 0.00%, 7, 0, 1, 122.09, 54182, 12
464, 15, 0, 1, 0, 0, 0.00%, 7, 0, 1, 122.87, 54833, 12
469, 15, 0, 1, 0, 0, 0.00%, 7, 0, 1, 122.70, 55441, 12
475, 16, 0, 1, 0, 0, 0.00%, 7, 0, 1, 110.66, 55984, 12
480, 16, 0, 1, 0, 0, 0.00%, 7, 0, 1, 114.52, 56588, 12
485, 16, 0, 1, 0, 0, 0.00%, 7, 0, 1, 114.64, 57171, 12
490, 16, 0, 1, 0, 0, 0.00%, 7, 0, 1, 120.66, 57807, 12
495, 16, 0, 1, 0, 0, 0.00%, 7, 0, 1, 126.97, 58454, 12
500, 17, 0, 1, 0, 0, 0.00%, 7, 0, 1, 118.72, 59039, 12
505, 17, 0, 1, 0, 0, 0.00%, 7, 0, 1, 124.97, 59659, 12
510, 17, 0, 1, 0, 0, 0.00%, 7, 0, 1, 122.44, 60274, 12
515, 17, 0, 1, 0, 0, 0.00%, 7, 0, 1, 114.17, 60852, 12
520, 17, 0, 1, 0, 0, 0.00%, 7, 0, 1, 114.03, 61439, 12
525, 17, 0, 1, 0, 0, 0.00%, 7, 0, 1, 124.11, 62079, 12
530, 18, 0, 1, 0, 0, 0.00%, 7, 0, 1, 123.25, 62704, 12
536, 18, 0, 1, 0, 0, 0.00%, 7, 0, 1, 117.73, 63302, 12
541, 18, 0, 1, 0, 0, 0.00%, 7, 0, 1, 120.32, 63919, 12
546, 18, 0, 1, 0, 0, 0.00%, 7, 0, 1, 123.38, 64555, 12
551, 18, 0, 1, 0, 0, 0.00%, 7, 0, 1, 120.07, 65164, 12
556, 18, 0, 1, 0, 0, 0.00%, 7, 0, 1, 127.18, 65796, 12
561, 19, 0, 1, 0, 0, 0.00%, 7, 0, 1, 118.50, 66385, 12
566, 19, 0, 1, 0, 0, 0.00%, 7, 0, 1, 116.74, 66975, 12
571, 19, 0, 1, 0, 0, 0.00%, 7, 0, 1, 124.14, 67598, 12
576, 19, 0, 1, 0, 0, 0.00%, 7, 0, 1, 130.64, 68254, 12
581, 19, 0, 1, 0, 0, 0.00%, 7, 0, 1, 125.06, 68879, 12
587, 19, 0, 1, 0, 0, 0.00%, 7, 0, 1, 120.09, 69499, 12
592, 20, 0, 1, 0, 0, 0.00%, 7, 0, 1, 119.00, 70122, 12
597, 20, 0, 1, 0, 0, 0.00%, 7, 0, 1, 113.61, 70680, 12
602, 20, 0, 1, 0, 0, 0.00%, 7, 0, 1, 110.60, 71251, 12
607, 20, 0, 1, 0, 0, 0.00%, 7, 0, 1, 95.22, 71725, 12
612, 20, 0, 1, 0, 0, 0.00%, 7, 0, 1, 98.32, 72213, 12
617, 20, 0, 1, 0, 0, 0.00%, 7, 0, 1, 90.33, 72669, 12
622, 21, 0, 1, 0, 0, 0.00%, 7, 0, 1, 91.15, 73146, 12
627, 21, 0, 1, 0, 0, 0.00%, 7, 0, 1, 90.81, 73617, 12
633, 21, 0, 1, 0, 0, 0.00%, 7, 0, 1, 103.62, 74137, 12
638, 21, 0, 1, 0, 0, 0.00%, 7, 0, 1, 93.95, 74585, 12
643, 21, 0, 1, 0, 0, 0.00%, 7, 0, 1, 85.91, 75026, 12
648, 21, 0, 1, 0, 0, 0.00%, 7, 0, 1, 86.11, 75462, 12
653, 21, 0, 1, 0, 0, 0.00%, 7, 0, 1, 91.43, 75928, 12
658, 21, 0, 1, 0, 0, 0.00%, 7, 0, 1, 89.76, 76369, 12
663, 22, 0, 1, 0, 0, 0.00%, 7, 0, 1, 99.64, 76898, 12
668, 22, 0, 1, 0, 0, 0.00%, 7, 0, 1, 88.00, 77335, 12
673, 22, 0, 1, 0, 0, 0.00%, 7, 0, 1, 90.05, 77808, 12
679, 22, 0, 1, 0, 0, 0.00%, 7, 0, 1, 92.84, 78284, 12
684, 22, 0, 1, 0, 0, 0.00%, 7, 0, 1, 97.11, 78767, 12
689, 22, 0, 1, 0, 0, 0.00%, 7, 0, 1, 90.98, 79223, 12
694, 22, 0, 1, 0, 0, 0.00%, 7, 0, 1, 93.16, 79682, 12
699, 22, 0, 1, 0, 0, 0.00%, 7, 0, 1, 92.62, 80162, 12
704, 23, 0, 1, 0, 0, 0.00%, 7, 0, 1, 89.29, 80615, 12
709, 23, 0, 1, 0, 0, 0.00%, 7, 0, 1, 91.30, 81081, 12
714, 23, 0, 1, 0, 0, 0.00%, 7, 0, 1, 95.23, 81568, 12
719, 23, 0, 1, 0, 0, 0.00%, 7, 0, 1, 95.75, 82039, 12
724, 23, 0, 1, 0, 0, 0.00%, 7, 0, 1, 99.77, 82543, 12
730, 23, 0, 1, 0, 0, 0.00%, 7, 0, 1, 101.45, 83063, 12
735, 23, 0, 1, 0, 0, 0.00%, 7, 0, 1, 94.68, 83514, 12
740, 24, 0, 1, 0, 0, 0.00%, 7, 0, 1, 86.72, 83952, 12
745, 24, 0, 1, 0, 0, 0.00%, 7, 0, 1, 90.03, 84420, 12
750, 24, 0, 1, 0, 0, 0.00%, 7, 0, 1, 98.10, 84923, 12
755, 24, 0, 1, 0, 0, 0.00%, 7, 0, 1, 88.06, 85359, 12
760, 24, 0, 1, 0, 0, 0.00%, 7, 0, 1, 84.81, 85788, 12
765, 24, 0, 1, 0, 0, 0.00%, 7, 0, 1, 87.34, 86229, 12
770, 24, 0, 1, 0, 0, 0.00%, 7, 0, 1, 92.04, 86695, 12
775, 24, 0, 1, 0, 0, 0.00%, 7, 0, 1, 93.03, 87187, 12
781, 25, 0, 1, 0, 0, 0.00%, 7, 0, 1, 90.45, 87653, 12
786, 25, 0, 1, 0, 0, 0.00%, 7, 0, 1, 92.94, 88142, 12
791, 25, 0, 1, 0, 0, 0.00%, 7, 0, 1, 93.43, 88622, 12
796, 25, 0, 1, 0, 0, 0.00%, 7, 0, 1, 97.43, 89119, 12
801, 25, 0, 1, 0, 0, 0.00%, 7, 0, 1, 95.82, 89602, 12
806, 25, 0, 1, 0, 0, 0.00%, 7, 0, 1, 95.61, 90060, 12
811, 25, 0, 1, 0, 0, 0.00%, 7, 0, 1, 93.73, 90544, 12
816, 26, 0, 1, 0, 0, 0.00%, 7, 0, 1, 91.89, 91001, 12
822, 26, 0, 1, 0, 0, 0.00%, 7, 0, 1, 87.69, 91467, 12
827, 26, 0, 1, 0, 0, 0.00%, 7, 0, 1, 99.97, 91986, 12
832, 26, 0, 1, 0, 0, 0.00%, 7, 0, 1, 91.65, 92429, 12
837, 26, 0, 1, 0, 0, 0.00%, 7, 0, 1, 94.20, 92911, 12
842, 26, 0, 1, 0, 0, 0.00%, 7, 0, 1, 94.14, 93403, 12
847, 26, 0, 1, 0, 0, 0.00%, 7, 0, 1, 89.63, 93850, 12
852, 27, 0, 1, 0, 0, 0.00%, 7, 0, 1, 88.45, 94316, 12
857, 27, 0, 1, 0, 0, 0.00%, 7, 0, 1, 94.83, 94814, 12
863, 27, 0, 1, 0, 0, 0.00%, 7, 0, 1, 93.66, 95273, 12
868, 27, 0, 1, 0, 0, 0.00%, 7, 0, 1, 87.97, 95730, 12
873, 27, 0, 1, 0, 0, 0.00%, 7, 0, 1, 95.17, 96232, 12
878, 27, 0, 1, 0, 0, 0.00%, 7, 0, 1, 96.99, 96738, 12
883, 27, 0, 1, 0, 0, 0.00%, 7, 0, 1, 95.69, 97232, 12
888, 27, 0, 1, 0, 0, 0.00%, 7, 0, 1, 91.41, 97706, 12
893, 28, 0, 1, 0, 0, 0.00%, 7, 0, 1, 95.53, 98188, 12
898, 28, 0, 1, 0, 0, 0.00%, 7, 0, 1, 95.14, 98685, 12
903, 28, 0, 1, 0, 0, 0.00%, 7, 0, 1, 94.27, 99146, 12
908, 28, 0, 1, 0, 0, 0.00%, 7, 0, 1, 93.43, 99605, 12
913, 28, 0, 1, 0, 0, 0.00%, 7, 0, 1, 84.15, 100020, 12
919, 28, 0, 1, 0, 0, 0.00%, 7, 0, 1, 88.00, 100478, 12
924, 28, 0, 1, 0, 0, 0.00%, 7, 0, 1, 88.91, 100914, 12
929, 29, 0, 1, 0, 0, 0.00%, 7, 0, 1, 83.61, 101349, 12
934, 29, 0, 1, 0, 0, 0.00%, 7, 0, 1, 92.37, 101805, 12
939, 29, 0, 1, 0, 0, 0.00%, 7, 0, 1, 91.95, 102268, 12
944, 29, 0, 1, 0, 0, 0.00%, 7, 0, 1, 95.17, 102754, 12
949, 29, 0, 1, 0, 0, 0.00%, 7, 0, 1, 98.09, 103223, 12
954, 29, 0, 1, 0, 0, 0.00%, 7, 0, 1, 95.06, 103691, 12
959, 29, 0, 1, 0, 0, 0.00%, 7, 0, 1, 95.61, 104167, 12
964, 29, 0, 1, 0, 0, 0.00%, 7, 0, 1, 93.79, 104644, 12
969, 30, 0, 1, 0, 0, 0.00%, 7, 0, 1, 86.32, 105080, 12
974, 30, 0, 1, 0, 0, 0.00%, 7, 0, 1, 87.58, 105533, 12
979, 30, 0, 1, 0, 0, 0.00%, 7, 0, 1, 89.74, 105973, 12
984, 30, 0, 1, 0, 0, 0.00%, 7, 0, 1, 97.80, 106485, 12
990, 30, 0, 1, 0, 0, 0.00%, 7, 0, 1, 85.62, 106922, 12
995, 30, 0, 1, 0, 0, 0.00%, 7, 0, 1, 97.20, 107417, 12
1000, 30, 0, 1, 0, 0, 0.00%, 7, 0, 1, 95.86, 107883, 12
1005, 30, 0, 1, 0, 0, 0.00%, 7, 0, 1, 91.38, 108333, 12
1010, 31, 0, 1, 0, 0, 0.00%, 7, 0, 1, 95.91, 108830, 12
1015, 31, 0, 1, 0, 0, 0.00%, 7, 0, 1, 98.75, 109323, 12
1020, 31, 0, 1, 0, 0, 0.00%, 7, 0, 1, 98.70, 109836, 12
1026, 31, 0, 1, 0, 0, 0.00%, 7, 0, 1, 92.89, 110309, 12
1031, 31, 0, 1, 0, 0, 0.00%, 7, 0, 1, 88.90, 110742, 12
1036, 31, 0, 1, 0, 0, 0.00%, 7, 0, 1, 89.79, 111193, 12
1041, 31, 0, 1, 0, 0, 0.00%, 7, 0, 1, 91.93, 111661, 12
1046, 32, 0, 1, 0, 0, 0.00%, 7, 0, 1, 95.17, 112136, 12
1051, 32, 0, 1, 0, 0, 0.00%, 7, 0, 1, 97.03, 112613, 12
1056, 32, 0, 1, 0, 0, 0.00%, 7, 0, 1, 93.66, 113078, 12
1061, 32, 0, 1, 0, 0, 0.00%, 7, 0, 1, 95.37, 113568, 12
1066, 32, 0, 1, 0, 0, 0.00%, 7, 0, 1, 91.79, 114044, 12
1071, 32, 0, 1, 0, 0, 0.00%, 7, 0, 1, 92.33, 114512, 12
1076, 32, 0, 1, 0, 0, 0.00%, 7, 0, 1, 94.59, 114975, 12
1082, 33, 0, 1, 0, 0, 0.00%, 7, 0, 1, 89.63, 115450, 12
1087, 33, 0, 1, 0, 0, 0.00%, 7, 0, 1, 97.51, 115956, 12
1092, 33, 0, 1, 0, 0, 0.00%, 7, 0, 1, 95.70, 116440, 12
1097, 33, 0, 1, 0, 0, 0.00%, 7, 0, 1, 93.35, 116888, 12
1102, 33, 0, 1, 0, 0, 0.00%, 7, 0, 1, 91.92, 117358, 12
1107, 33, 0, 1, 0, 0, 0.00%, 7, 0, 1, 88.37, 117810, 12
1112, 33, 0, 1, 0, 0, 0.00%, 7, 0, 1, 98.82, 118308, 12
1117, 33, 0, 1, 0, 0, 0.00%, 7, 0, 1, 94.02, 118784, 12
1123, 34, 0, 1, 0, 0, 0.00%, 7, 0, 1, 96.89, 119266, 12
1128, 34, 0, 1, 0, 0, 0.00%, 7, 0, 1, 94.52, 119737, 12
1133, 34, 0, 1, 0, 0, 0.00%, 7, 0, 1, 89.49, 120166, 12
1138, 34, 0, 1, 0, 0, 0.00%, 7, 0, 1, 96.35, 120655, 12
1143, 34, 0, 1, 0, 0, 0.00%, 7, 0, 1, 94.01, 121109, 12
1148, 34, 0, 1, 0, 0, 0.00%, 7, 0, 1, 94.19, 121588, 12
1153, 34, 0, 1, 0, 0, 0.00%, 7, 0, 1, 97.20, 122088, 12
1158, 35, 0, 1, 0, 0, 0.00%, 7, 0, 1, 86.25, 122535, 12
1163, 35, 0, 1, 0, 0, 0.00%, 7, 0, 1, 90.64, 123024, 12
1168, 35, 0, 1, 0, 0, 0.00%, 7, 0, 1, 92.86, 123477, 12
1174, 35, 0, 1, 0, 0, 0.00%, 7, 0, 1, 95.28, 123963, 12
1179, 35, 0, 1, 0, 0, 0.00%, 7, 0, 1, 89.26, 124431, 12
1184, 35, 0, 1, 0, 0, 0.00%, 7, 0, 1, 85.62, 124886, 12
1189, 35, 0, 1, 0, 0, 0.00%, 7, 0, 1, 95.27, 125392, 12
1194, 35, 0, 1, 0, 0, 0.00%, 7, 0, 1, 94.31, 125876, 12
1199, 36, 0, 1, 0, 0, 0.00%, 7, 0, 1, 86.01, 126319, 12
1204, 36, 0, 1, 0, 0, 0.00%, 7, 0, 1, 92.10, 126775, 12
1209, 36, 0, 1, 0, 0, 0.00%, 7, 0, 1, 89.20, 127240, 12
1214, 36, 0, 1, 0, 0, 0.00%, 7, 0, 1, 93.52, 127718, 12
1219, 36, 0, 1, 0, 0, 0.00%, 7, 0, 1, 92.20, 128173, 12
1224, 36, 0, 1, 0, 0, 0.00%, 7, 0, 1, 95.29, 128684, 12
1230, 36, 0, 1, 0, 0, 0.00%, 7, 0, 1, 98.63, 129181, 12
1235, 37, 0, 1, 0, 0, 0.00%, 7, 0, 1, 95.52, 129655, 12
1240, 37, 0, 1, 0, 0, 0.00%, 7, 0, 1, 95.50, 130144, 12
1245, 37, 0, 1, 0, 0, 0.00%, 7, 0, 1, 99.77, 130661, 12
1250, 37, 0, 1, 0, 0, 0.00%, 7, 0, 1, 95.27, 131116, 12
1255, 37, 0, 1, 0, 0, 0.00%, 7, 0, 1, 94.16, 131597, 12
1260, 37, 0, 1, 0, 0, 0.00%, 7, 0, 1, 87.35, 132049, 12
1265, 37, 0, 1, 0, 0, 0.00%, 7, 0, 1, 95.61, 132522, 12
1270, 37, 0, 1, 0, 0, 0.00%, 7, 0, 1, 98.54, 133027, 12
1275, 38, 0, 1, 0, 0, 0.00%, 7, 0, 1, 95.94, 133497, 12
1280, 38, 0, 1, 0, 0, 0.00%, 7, 0, 1, 97.79, 133979, 12
1285, 38, 0, 1, 0, 0, 0.00%, 7, 0, 1, 89.22, 134417, 12
1291, 38, 0, 1, 0, 0, 0.00%, 7, 0, 1, 89.24, 134856, 12
1296, 38, 0, 1, 0, 0, 0.00%, 7, 0, 1, 97.72, 135361, 12
1301, 38, 0, 1, 0, 0, 0.00%, 7, 0, 1, 90.17, 135793, 12
1306, 38, 0, 1, 0, 0, 0.00%, 7, 0, 1, 88.44, 136238, 12
1311, 39, 0, 1, 0, 0, 0.00%, 7, 0, 1, 89.23, 136692, 12
1316, 39, 0, 1, 0, 0, 0.00%, 7, 0, 1, 99.52, 137151, 12
1321, 39, 0, 1, 0, 0, 0.00%, 7, 0, 1, 95.49, 137596, 12
1326, 39, 0, 1, 0, 0, 0.00%, 7, 0, 1, 99.75, 138112, 12
1331, 39, 0, 1, 0, 0, 0.00%, 7, 0, 1, 88.45, 138562, 12
1336, 39, 0, 1, 0, 0, 0.00%, 7, 0, 1, 81.61, 138964, 12
1341, 39, 0, 1, 0, 0, 0.00%, 7, 0, 1, 99.16, 139490, 12
1346, 39, 0, 1, 0, 0, 0.00%, 7, 0, 1, 100.13, 139983, 12
1351, 40, 0, 1, 0, 0, 0.00%, 7, 0, 1, 96.13, 140457, 12
1357, 40, 0, 1, 0, 0, 0.00%, 7, 0, 1, 84.68, 140885, 12
1362, 40, 0, 1, 0, 0, 0.00%, 7, 0, 1, 101.03, 141421, 12
1367, 40, 0, 1, 0, 0, 0.00%, 7, 0, 1, 91.76, 141892, 12
1372, 40, 0, 1, 0, 0, 0.00%, 7, 0, 1, 94.85, 142367, 12
1377, 40, 0, 1, 0, 0, 0.00%, 7, 0, 1, 89.50, 142822, 12
1382, 40, 0, 1, 0, 0, 0.00%, 7, 0, 1, 89.56, 143265, 12
1387, 41, 0, 1, 0, 0, 0.00%, 7, 0, 1, 90.47, 143708, 12
1392, 41, 0, 1, 0, 0, 0.00%, 7, 0, 1, 98.06, 144217, 12
1397, 41, 0, 1, 0, 0, 0.00%, 7, 0, 1, 96.74, 144692, 12
1403, 41, 0, 1, 0, 0, 0.00%, 7, 0, 1, 92.52, 145179, 12
1408, 41, 0, 1, 0, 0, 0.00%, 7, 0, 1, 91.92, 145627, 12
1413, 41, 0, 1, 0, 0, 0.00%, 7, 0, 1, 101.33, 146160, 12
1418, 41, 0, 1, 0, 0, 0.00%, 7, 0, 1, 93.08, 146619, 12
1423, 42, 0, 1, 0, 0, 0.00%, 7, 0, 1, 105.55, 147168, 12
1428, 42, 0, 1, 0, 0, 0.00%, 7, 0, 1, 101.05, 147662, 12
1433, 42, 0, 1, 0, 0, 0.00%, 7, 0, 1, 108.10, 148188, 12
1438, 42, 0, 1, 0, 0, 0.00%, 7, 0, 1, 88.75, 148617, 12
1443, 42, 0, 1, 0, 0, 0.00%, 7, 0, 1, 89.94, 149068, 12
1448, 42, 0, 1, 0, 0, 0.00%, 7, 0, 1, 97.01, 149562, 12
1454, 42, 0, 1, 0, 0, 0.00%, 7, 0, 1, 89.83, 150030, 12
1459, 42, 0, 1, 0, 0, 0.00%, 7, 0, 1, 92.94, 150528, 12
1464, 43, 0, 1, 0, 0, 0.00%, 7, 0, 1, 86.86, 150990, 12
1469, 43, 0, 1, 0, 0, 0.00%, 7, 0, 1, 97.54, 151506, 12
1474, 43, 0, 1, 0, 0, 0.00%, 7, 0, 1, 89.95, 151966, 12
1479, 43, 0, 1, 0, 0, 0.00%, 7, 0, 1, 98.89, 152465, 12
1484, 43, 0, 1, 0, 0, 0.00%, 7, 0, 1, 101.77, 152986, 12
1489, 43, 0, 1, 0, 0, 0.00%, 7, 0, 1, 88.08, 153447, 12
1495, 43, 0, 1, 0, 0, 0.00%, 7, 0, 1, 96.85, 153943, 12
1500, 44, 0, 1, 0, 0, 0.00%, 7, 0, 1, 85.66, 154359, 12
1505, 44, 0, 1, 0, 0, 0.00%, 7, 0, 1, 90.04, 154807, 12
1510, 44, 0, 1, 0, 0, 0.00%, 7, 0, 1, 90.99, 155288, 12
1515, 44, 0, 1, 0, 0, 0.00%, 7, 0, 1, 88.13, 155752, 12
1520, 44, 0, 1, 0, 0, 0.00%, 7, 0, 1, 90.24, 156205, 12
1525, 44, 0, 1, 0, 0, 0.00%, 7, 0, 1, 88.91, 156634, 12
1530, 44, 0, 1, 0, 0, 0.00%, 7, 0, 1, 97.14, 157125, 12
1535, 44, 0, 1, 0, 0, 0.00%, 7, 0, 1, 99.19, 157608, 12
1540, 45, 0, 1, 0, 0, 0.00%, 7, 0, 1, 94.25, 158066, 12
1545, 45, 0, 1, 0, 0, 0.00%, 7, 0, 1, 95.72, 158558, 12
1550, 45, 0, 1, 0, 0, 0.00%, 7, 0, 1, 96.96, 159039, 12
1555, 45, 0, 1, 0, 0, 0.00%, 7, 0, 1, 97.52, 159532, 12
1560, 45, 0, 1, 0, 0, 0.00%, 7, 0, 1, 95.04, 159997, 12
1565, 45, 0, 1, 0, 0, 0.00%, 7, 0, 1, 105.61, 160513, 12
1570, 45, 0, 1, 0, 0, 0.00%, 7, 0, 1, 98.41, 160994, 12
1575, 46, 0, 1, 0, 0, 0.00%, 7, 0, 1, 92.25, 161454, 12
1581, 46, 0, 1, 0, 0, 0.00%, 7, 0, 1, 95.36, 161944, 12
1586, 46, 0, 1, 0, 0, 0.00%, 7, 0, 1, 94.52, 162434, 12
1591, 46, 0, 1, 0, 0, 0.00%, 7, 0, 1, 90.25, 162897, 12
1596, 46, 0, 1, 0, 0, 0.00%, 7, 0, 1, 90.77, 163373, 12
1601, 46, 0, 1, 0, 0, 0.00%, 7, 0, 1, 89.85, 163832, 12
1606, 46, 0, 1, 0, 0, 0.00%, 7, 0, 1, 98.03, 164360, 12
1611, 47, 0, 1, 0, 0, 0.00%, 7, 0, 1, 87.42, 164801, 12
1616, 47, 0, 1, 0, 0, 0.00%, 7, 0, 1, 91.90, 165268, 12
1622, 47, 0, 1, 0, 0, 0.00%, 7, 0, 1, 95.41, 165754, 12
1627, 47, 0, 1, 0, 0, 0.00%, 7, 0, 1, 91.64, 166197, 12
1632, 47, 0, 1, 0, 0, 0.00%, 7, 0, 1, 90.78, 166666, 12
1637, 47, 0, 1, 0, 0, 0.00%, 7, 0, 1, 89.79, 167116, 12
1642, 47, 0, 1, 0, 0, 0.00%, 7, 0, 1, 84.54, 167536, 12
1647, 47, 0, 1, 0, 0, 0.00%, 7, 0, 1, 92.88, 167996, 12
1652, 48, 0, 1, 0, 0, 0.00%, 7, 0, 1, 99.87, 168508, 12
1657, 48, 0, 1, 0, 0, 0.00%, 7, 0, 1, 102.22, 169036, 12
1662, 48, 0, 1, 0, 0, 0.00%, 7, 0, 1, 101.97, 169525, 12
1668, 48, 0, 1, 0, 0, 0.00%, 7, 0, 1, 90.65, 169976, 12
1673, 48, 0, 1, 0, 0, 0.00%, 7, 0, 1, 91.29, 170451, 12
1678, 48, 0, 1, 0, 0, 0.00%, 7, 0, 1, 91.30, 170911, 12
1683, 48, 0, 1, 0, 0, 0.00%, 7, 0, 1, 101.42, 171428, 12
1688, 49, 0, 1, 0, 0, 0.00%, 7, 0, 1, 97.17, 171898, 12
1693, 49, 0, 1, 0, 0, 0.00%, 7, 0, 1, 92.91, 172348, 12
1698, 49, 0, 1, 0, 0, 0.00%, 7, 0, 1, 87.07, 172796, 12
1703, 49, 0, 1, 0, 0, 0.00%, 7, 0, 1, 90.80, 173264, 12
1708, 49, 0, 1, 0, 0, 0.00%, 7, 0, 1, 93.38, 173718, 12
1713, 49, 0, 1, 0, 0, 0.00%, 7, 0, 1, 88.08, 174146, 12
1718, 49, 0, 1, 0, 0, 0.00%, 7, 0, 1, 90.12, 174584, 12
1724, 49, 0, 1, 0, 0, 0.00%, 7, 0, 1, 102.64, 175117, 12
1729, 50, 0, 1, 0, 0, 0.00%, 7, 0, 1, 91.03, 175559, 12
1734, 50, 0, 1, 0, 0, 0.00%, 7, 0, 1, 90.57, 176015, 12
1739, 50, 0, 1, 0, 0, 0.00%, 7, 0, 1, 91.40, 176476, 12
1744, 50, 0, 1, 0, 0, 0.00%, 7, 0, 1, 98.52, 176971, 12
1749, 50, 0, 1, 0, 0, 0.00%, 7, 0, 1, 101.20, 177491, 12
1754, 50, 0, 1, 0, 0, 0.00%, 7, 0, 1, 91.99, 177968, 12
1759, 50, 0, 1, 0, 0, 0.00%, 7, 0, 1, 86.50, 178406, 12
1765, 51, 0, 1, 0, 0, 0.00%, 7, 0, 1, 97.62, 178899, 12
1770, 51, 0, 1, 0, 0, 0.00%, 7, 0, 1, 97.47, 179401, 12
1775, 51, 0, 1, 0, 0, 0.00%, 7, 0, 1, 96.34, 179909, 12
1780, 51, 0, 1, 0, 0, 0.00%, 7, 0, 1, 92.65, 180369, 12
1785, 51, 0, 1, 0, 0, 0.00%, 7, 0, 1, 88.64, 180815, 12
1790, 51, 0, 1, 0, 0, 0.00%, 7, 0, 1, 90.58, 181292, 12
1795, 51, 0, 1, 0, 0, 0.00%, 7, 0, 1, 94.76, 181768, 12
1801, 51, 0, 1, 0, 0, 0.00%, 7, 0, 1, 103.18, 182297, 12
1806, 52, 0, 1, 0, 0, 0.00%, 7, 0, 1, 97.24, 182765, 12
1811, 52, 0, 1, 0, 0, 0.00%, 7, 0, 1, 90.24, 183202, 12
1816, 52, 0, 1, 0, 0, 0.00%, 7, 0, 1, 93.10, 183679, 12
1821, 52, 0, 1, 0, 0, 0.00%, 7, 0, 1, 100.85, 184185, 12
1826, 52, 0, 1, 0, 0, 0.00%, 7, 0, 1, 90.57, 184629, 12
1831, 52, 0, 1, 0, 0, 0.00%, 7, 0, 1, 98.44, 185116, 12
1836, 52, 0, 1, 0, 0, 0.00%, 7, 0, 1, 101.80, 185624, 12
1841, 53, 0, 1, 0, 0, 0.00%, 7, 0, 1, 94.15, 186095, 12
1847, 53, 0, 1, 0, 0, 0.00%, 7, 0, 1, 97.85, 186608, 12
1852, 53, 0, 1, 0, 0, 0.00%, 7, 0, 1, 90.90, 187043, 12
1857, 53, 0, 1, 0, 0, 0.00%, 7, 0, 1, 88.49, 187500, 12
1862, 53, 0, 1, 0, 0, 0.00%, 7, 0, 1, 88.87, 187935, 12
1867, 53, 0, 1, 0, 0, 0.00%, 7, 0, 1, 89.03, 188407, 12
1872, 53, 0, 1, 0, 0, 0.00%, 7, 0, 1, 99.36, 188924, 12
1877, 53, 0, 1, 0, 0, 0.00%, 7, 0, 1, 90.97, 189371, 12
1882, 54, 0, 1, 0, 0, 0.00%, 7, 0, 1, 90.73, 189843, 12
1887, 54, 0, 1, 0, 0, 0.00%, 7, 0, 1, 92.22, 190308, 12
1893, 54, 0, 1, 0, 0, 0.00%, 7, 0, 1, 98.18, 190810, 12
1898, 54, 0, 1, 0, 0, 0.00%, 7, 0, 1, 98.41, 191301, 12
1903, 54, 0, 1, 0, 0, 0.00%, 7, 0, 1, 96.37, 191779, 12
1908, 54, 0, 1, 0, 0, 0.00%, 7, 0, 1, 90.65, 192240, 12
1913, 54, 0, 1, 0, 0, 0.00%, 7, 0, 1, 86.72, 192685, 12
1918, 55, 0, 1, 0, 0, 0.00%, 7, 0, 1, 87.12, 193146, 12
1923, 55, 0, 1, 0, 0, 0.00%, 7, 0, 1, 90.38, 193610, 12
1928, 55, 0, 1, 0, 0, 0.00%, 7, 0, 1, 83.51, 194024, 12
1934, 55, 0, 1, 0, 0, 0.00%, 7, 0, 1, 91.95, 194502, 12
1939, 55, 0, 1, 0, 0, 0.00%, 7, 0, 1, 95.01, 194998, 12
1944, 55, 0, 1, 0, 0, 0.00%, 7, 0, 1, 96.31, 195478, 12
1949, 55, 0, 1, 0, 0, 0.00%, 7, 0, 1, 90.41, 195928, 12
1954, 55, 0, 1, 0, 0, 0.00%, 7, 0, 1, 88.14, 196367, 12
1959, 56, 0, 1, 0, 0, 0.00%, 7, 0, 1, 92.60, 196835, 12
1964, 56, 0, 1, 0, 0, 0.00%, 7, 0, 1, 95.88, 197302, 12
1969, 56, 0, 1, 0, 0, 0.00%, 7, 0, 1, 90.12, 197740, 12
1975, 56, 0, 1, 0, 0, 0.00%, 7, 0, 1, 82.44, 198157, 12
1980, 56, 0, 1, 0, 0, 0.00%, 7, 0, 1, 84.53, 198580, 12
1985, 56, 0, 1, 0, 0, 0.00%, 7, 0, 1, 92.06, 199046, 12
1990, 56, 0, 1, 0, 0, 0.00%, 7, 0, 1, 94.24, 199542, 12
1995, 57, 0, 1, 0, 0, 0.00%, 7, 0, 1, 97.21, 200028, 12
2000, 57, 0, 1, 0, 0, 0.00%, 7, 0, 1, 88.61, 200479, 12
2005, 57, 0, 1, 0, 0, 0.00%, 7, 0, 1, 94.74, 200979, 12
2010, 57, 0, 1, 0, 0, 0.00%, 7, 0, 1, 88.68, 201419, 12
2015, 57, 0, 1, 0, 0, 0.00%, 7, 0, 1, 96.39, 201921, 12
2021, 57, 0, 1, 0, 0, 0.00%, 7, 0, 1, 100.98, 202433, 12
2026, 57, 0, 1, 0, 0, 0.00%, 7, 0, 1, 96.82, 202937, 12
2031, 57, 0, 1, 0, 0, 0.00%, 7, 0, 1, 93.52, 203401, 12
2036, 58, 0, 1, 0, 0, 0.00%, 7, 0, 1, 85.42, 203819, 12
2041, 58, 0, 1, 0, 0, 0.00%, 7, 0, 1, 90.85, 204288, 12
2046, 58, 0, 1, 0, 0, 0.00%, 7, 0, 1, 89.39, 204740, 12
2051, 58, 0, 1, 0, 0, 0.00%, 7, 0, 1, 94.43, 205206, 12
2056, 58, 0, 1, 0, 0, 0.00%, 7, 0, 1, 90.17, 205647, 12
2061, 58, 0, 1, 0, 0, 0.00%, 7, 0, 1, 96.75, 206110, 12
2066, 58, 0, 1, 0, 0, 0.00%, 7, 0, 1, 93.87, 206568, 12
2071, 58, 0, 1, 0, 0, 0.00%, 7, 0, 1, 88.28, 207019, 12
2077, 59, 0, 1, 0, 0, 0.00%, 7, 0, 1, 92.94, 207484, 12
2082, 59, 0, 1, 0, 0, 0.00%, 7, 0, 1, 93.27, 207974, 12
2087, 59, 0, 1, 0, 0, 0.00%, 7, 0, 1, 105.53, 208502, 12
2092, 59, 0, 1, 0, 0, 0.00%, 7, 0, 1, 100.44, 208995, 12
2097, 59, 0, 1, 0, 0, 0.00%, 7, 0, 1, 99.38, 209490, 12
2102, 59, 0, 1, 0, 0, 0.00%, 7, 0, 1, 87.45, 209902, 12
2107, 59, 0, 1, 0, 0, 0.00%, 7, 0, 1, 96.72, 210423, 12
2112, 60, 0, 1, 0, 0, 0.00%, 7, 0, 1, 90.83, 210860, 12
2117, 60, 0, 1, 0, 0, 0.00%, 7, 0, 1, 88.50, 211299, 12
2123, 60, 0, 1, 0, 0, 0.00%, 7, 0, 1, 97.92, 211811, 12
2128, 60, 0, 1, 0, 0, 0.00%, 7, 0, 1, 87.43, 212274, 12
2133, 60, 0, 1, 0, 0, 0.00%, 7, 0, 1, 97.50, 212776, 12
2138, 60, 0, 1, 0, 0, 0.00%, 7, 0, 1, 103.17, 213266, 12
2143, 60, 0, 1, 0, 0, 0.00%, 7, 0, 1, 100.02, 213764, 12
2148, 61, 0, 1, 0, 0, 0.00%, 7, 0, 1, 87.68, 214201, 12
2153, 61, 0, 1, 0, 0, 0.00%, 7, 0, 1, 93.63, 214688, 12
2158, 61, 0, 1, 0, 0, 0.00%, 7, 0, 1, 94.86, 215166, 12
2163, 61, 0, 1, 0, 0, 0.00%, 7, 0, 1, 95.57, 215629, 12
2169, 61, 0, 1, 0, 0, 0.00%, 7, 0, 1, 88.73, 216095, 12
2174, 61, 0, 1, 0, 0, 0.00%, 7, 0, 1, 89.96, 216567, 12
2179, 61, 0, 1, 0, 0, 0.00%, 7, 0, 1, 98.27, 217064, 12
2184, 61, 0, 1, 0, 0, 0.00%, 7, 0, 1, 100.69, 217566, 12
2189, 62, 0, 1, 0, 0, 0.00%, 7, 0, 1, 103.07, 218080, 12
2194, 62, 0, 1, 0, 0, 0.00%, 7, 0, 1, 94.78, 218536, 12
2199, 62, 0, 1, 0, 0, 0.00%, 7, 0, 1, 100.33, 219053, 12
2205, 62, 0, 1, 0, 0, 0.00%, 7, 0, 1, 96.61, 219544, 12
2210, 62, 0, 1, 0, 0, 0.00%, 7, 0, 1, 91.59, 220000, 12
2215, 62, 0, 1, 0, 0, 0.00%, 7, 0, 1, 94.73, 220487, 12
2220, 62, 0, 1, 0, 0, 0.00%, 7, 0, 1, 90.15, 220940, 12
2225, 63, 0, 1, 0, 0, 0.00%, 7, 0, 1, 95.11, 221416, 12
2230, 63, 0, 1, 0, 0, 0.00%, 7, 0, 1, 98.46, 221916, 12
2235, 63, 0, 1, 0, 0, 0.00%, 7, 0, 1, 91.45, 222380, 12
2240, 63, 0, 1, 0, 0, 0.00%, 7, 0, 1, 97.88, 222870, 12
2245, 63, 0, 1, 0, 0, 0.00%, 7, 0, 1, 95.81, 223360, 12
2250, 63, 0, 1, 0, 0, 0.00%, 7, 0, 1, 91.42, 223809, 12
2256, 63, 0, 1, 0, 0, 0.00%, 7, 0, 1, 97.68, 224322, 12
2261, 64, 0, 1, 0, 0, 0.00%, 7, 0, 1, 100.65, 224831, 12
2266, 64, 0, 1, 0, 0, 0.00%, 7, 0, 1, 86.63, 225265, 12
2271, 64, 0, 1, 0, 0, 0.00%, 7, 0, 1, 86.69, 225724, 12
2276, 64, 0, 1, 0, 0, 0.00%, 7, 0, 1, 97.29, 226240, 12
2281, 64, 0, 1, 0, 0, 0.00%, 7, 0, 1, 97.10, 226726, 12
2286, 64, 0, 1, 0, 0, 0.00%, 7, 0, 1, 88.32, 227181, 12
2291, 64, 0, 1, 0, 0, 0.00%, 7, 0, 1, 95.08, 227673, 12
2296, 64, 0, 1, 0, 0, 0.00%, 7, 0, 1, 98.07, 228169, 12
2302, 65, 0, 1, 0, 0, 0.00%, 7, 0, 1, 95.93, 228652, 12
2307, 65, 0, 1, 0, 0, 0.00%, 7, 0, 1, 93.42, 229118, 12
2312, 65, 0, 1, 0, 0, 0.00%, 7, 0, 1, 103.60, 229658, 12
2317, 65, 0, 1, 0, 0, 0.00%, 7, 0, 1, 101.33, 230156, 12
2322, 65, 0, 1, 0, 0, 0.00%, 7, 0, 1, 94.64, 230610, 12
2327, 65, 0, 1, 0, 0, 0.00%, 7, 0, 1, 96.83, 231122, 12
2332, 65, 0, 1, 0, 0, 0.00%, 7, 0, 1, 96.85, 231586, 12
2337, 66, 0, 1, 0, 0, 0.00%, 7, 0, 1, 91.29, 232063, 12
2342, 66, 0, 1, 0, 0, 0.00%, 7, 0, 1, 85.25, 232477, 12
2347, 66, 0, 1, 0, 0, 0.00%, 7, 0, 1, 88.32, 232935, 12
2353, 66, 0, 1, 0, 0, 0.00%, 7, 0, 1, 100.80, 233458, 12
2358, 66, 0, 1, 0, 0, 0.00%, 7, 0, 1, 89.33, 233911, 12
2363, 66, 0, 1, 0, 0, 0.00%, 7, 0, 1, 88.32, 234355, 12
2368, 66, 0, 1, 0, 0, 0.00%, 7, 0, 1, 101.24, 234896, 12
2373, 67, 0, 1, 0, 0, 0.00%, 7, 0, 1, 89.48, 235335, 12
2378, 67, 0, 1, 0, 0, 0.00%, 7, 0, 1, 93.24, 235821, 12
2383, 67, 0, 1, 0, 0, 0.00%, 7, 0, 1, 99.53, 236356, 12
2389, 67, 0, 1, 0, 0, 0.00%, 7, 0, 1, 90.59, 236823, 12
2394, 67, 0, 1, 0, 0, 0.00%, 7, 0, 1, 84.13, 237254, 12
2399, 67, 0, 1, 0, 0, 0.00%, 7, 0, 1, 95.23, 237763, 12
2404, 67, 0, 1, 0, 0, 0.00%, 7, 0, 1, 83.28, 238163, 12
2409, 67, 0, 1, 0, 0, 0.00%, 7, 0, 1, 90.13, 238642, 12
2414, 68, 0, 1, 0, 0, 0.00%, 7, 0, 1, 87.66, 239099, 12
2420, 68, 0, 1, 0, 0, 0.00%, 7, 0, 1, 85.50, 239541, 12
2425, 68, 0, 1, 0, 0, 0.00%, 7, 0, 1, 96.68, 240037, 12
2430, 68, 0, 1, 0, 0, 0.00%, 7, 0, 1, 91.89, 240487, 12
2435, 68, 0, 1, 0, 0, 0.00%, 7, 0, 1, 82.94, 240910, 12
2440, 68, 0, 1, 0, 0, 0.00%, 7, 0, 1, 96.23, 241424, 12
2445, 68, 0, 1, 0, 0, 0.00%, 7, 0, 1, 80.11, 241836, 12
2450, 68, 0, 1, 0, 0, 0.00%, 7, 0, 1, 86.03, 242283, 12
2455, 69, 0, 1, 0, 0, 0.00%, 7, 0, 1, 92.40, 242755, 12
2460, 69, 0, 1, 0, 0, 0.00%, 7, 0, 1, 93.95, 243249, 12
2466, 69, 0, 1, 0, 0, 0.00%, 7, 0, 1, 94.83, 243729, 12
2471, 69, 0, 1, 0, 0, 0.00%, 7, 0, 1, 93.67, 244202, 12
2476, 69, 0, 1, 0, 0, 0.00%, 7, 0, 1, 97.79, 244716, 12
2481, 69, 0, 1, 0, 0, 0.00%, 7, 0, 1, 85.82, 245148, 12
2486, 69, 0, 1, 0, 0, 0.00%, 7, 0, 1, 89.68, 245618, 12
2491, 70, 0, 1, 0, 0, 0.00%, 7, 0, 1, 88.40, 246048, 12
2496, 70, 0, 1, 0, 0, 0.00%, 7, 0, 1, 94.07, 246533, 12
2501, 70, 0, 1, 0, 0, 0.00%, 7, 0, 1, 99.46, 247032, 12
2506, 70, 0, 1, 0, 0, 0.00%, 7, 0, 1, 100.35, 247549, 12
2511, 70, 0, 1, 0, 0, 0.00%, 7, 0, 1, 93.66, 248021, 12
2517, 70, 0, 1, 0, 0, 0.00%, 7, 0, 1, 87.85, 248468, 12
2522, 70, 0, 1, 0, 0, 0.00%, 7, 0, 1, 95.12, 248953, 12
2527, 71, 0, 1, 0, 0, 0.00%, 7, 0, 1, 98.10, 249443, 12
2532, 71, 0, 1, 0, 0, 0.00%, 7, 0, 1, 86.76, 249881, 12
2537, 71, 0, 1, 0, 0, 0.00%, 7, 0, 1, 98.31, 250369, 12
2542, 71, 0, 1, 0, 0, 0.00%, 7, 0, 1, 86.70, 250811, 12
2547, 71, 0, 1, 0, 0, 0.00%, 7, 0, 1, 92.15, 251269, 12
2552, 71, 0, 1, 0, 0, 0.00%, 7, 0, 1, 93.93, 251740, 12
2557, 71, 0, 1, 0, 0, 0.00%, 7, 0, 1, 88.38, 252180, 12
2562, 71, 0, 1, 0, 0, 0.00%, 7, 0, 1, 98.93, 252701, 12
2567, 72, 0, 1, 0, 0, 0.00%, 7, 0, 1, 86.89, 253121, 12
2573, 72, 0, 1, 0, 0, 0.00%, 7, 0, 1, 86.46, 253569, 12
2578, 72, 0, 1, 0, 0, 0.00%, 7, 0, 1, 89.20, 254019, 12
2583, 72, 0, 1, 0, 0, 0.00%, 7, 0, 1, 91.61, 254484, 12
2588, 72, 0, 1, 0, 0, 0.00%, 7, 0, 1, 93.15, 254954, 12
2593, 72, 0, 1, 0, 0, 0.00%, 7, 0, 1, 94.90, 255417, 12
2598, 72, 0, 1, 0, 0, 0.00%, 7, 0, 1, 94.45, 255878, 12
2603, 72, 0, 1, 0, 0, 0.00%, 7, 0, 1, 94.94, 256377, 12
2608, 73, 0, 1, 0, 0, 0.00%, 7, 0, 1, 94.80, 256864, 12
2613, 73, 0, 1, 0, 0, 0.00%, 7, 0, 1, 91.49, 257336, 12
2618, 73, 0, 1, 0, 0, 0.00%, 7, 0, 1, 96.92, 257839, 12
2624, 73, 0, 1, 0, 0, 0.00%, 7, 0, 1, 104.42, 258386, 12
2629, 73, 0, 1, 0, 0, 0.00%, 7, 0, 1, 88.97, 258828, 12
2634, 73, 0, 1, 0, 0, 0.00%, 7, 0, 1, 84.38, 259262, 12
2639, 73, 0, 1, 0, 0, 0.00%, 7, 0, 1, 97.05, 259774, 12
2644, 74, 0, 1, 0, 0, 0.00%, 8, 0, 1, 86.54, 260223, 12
2649, 74, 0, 1, 0, 0, 0.00%, 8, 0, 1, 90.97, 260704, 12
2654, 74, 0, 1, 0, 0, 0.00%, 8, 0, 1, 89.71, 261166, 12
2659, 74, 0, 1, 0, 0, 0.00%, 8, 0, 1, 98.64, 261666, 12
2665, 74, 0, 1, 0, 0, 0.00%, 8, 0, 1, 97.21, 262163, 12
2670, 74, 0, 1, 0, 0, 0.00%, 8, 0, 1, 92.77, 262606, 12
2675, 74, 0, 1, 0, 0, 0.00%, 8, 0, 1, 97.01, 263117, 12
2680, 75, 0, 1, 0, 0, 0.00%, 8, 0, 1, 88.82, 263552, 12
2685, 75, 0, 1, 0, 0, 0.00%, 8, 0, 1, 101.16, 264063, 12
2690, 75, 0, 1, 0, 0, 0.00%, 8, 0, 1, 98.61, 264567, 12
2695, 75, 0, 1, 0, 0, 0.00%, 8, 0, 1, 97.04, 265066, 12
2700, 75, 0, 1, 0, 0, 0.00%, 8, 0, 1, 90.54, 265516, 12
2705, 75, 0, 1, 0, 0, 0.00%, 8, 0, 1, 100.09, 266043, 12
2710, 75, 0, 1, 0, 0, 0.00%, 8, 0, 1, 94.85, 266483, 12
2715, 76, 0, 1, 0, 0, 0.00%, 8, 0, 1, 103.22, 267002, 12
2721, 76, 0, 1, 0, 0, 0.00%, 8, 0, 1, 91.41, 267447, 12
2726, 76, 0, 1, 0, 0, 0.00%, 8, 0, 1, 91.56, 267910, 12
2731, 76, 0, 1, 0, 0, 0.00%, 8, 0, 1, 86.91, 268361, 12
2736, 76, 0, 1, 0, 0, 0.00%, 8, 0, 1, 84.46, 268809, 12
2741, 76, 0, 1, 0, 0, 0.00%, 8, 0, 1, 99.50, 269313, 12
2746, 76, 0, 1, 0, 0, 0.00%, 8, 0, 1, 97.02, 269813, 12
2751, 76, 0, 1, 0, 0, 0.00%, 8, 0, 1, 94.94, 270296, 12
2756, 77, 0, 1, 0, 0, 0.00%, 8, 0, 1, 95.45, 270761, 12
2762, 77, 0, 1, 0, 0, 0.00%, 8, 0, 1, 80.82, 271151, 12
2767, 77, 0, 1, 0, 0, 0.00%, 8, 0, 1, 98.87, 271678, 12
2772, 77, 0, 1, 0, 0, 0.00%, 8, 0, 1, 92.68, 272150, 12
2777, 77, 0, 1, 0, 0, 0.00%, 8, 0, 1, 94.90, 272614, 12
2782, 77, 0, 1, 0, 0, 0.00%, 8, 0, 1, 91.82, 273068, 12
2787, 77, 0, 1, 0, 0, 0.00%, 8, 0, 1, 95.40, 273547, 12
2792, 78, 0, 1, 0, 0, 0.00%, 8, 0, 1, 95.55, 274061, 12
2797, 78, 0, 1, 0, 0, 0.00%, 8, 0, 1, 94.03, 274538, 12
2803, 78, 0, 1, 0, 0, 0.00%, 8, 0, 1, 97.28, 275021, 12
2808, 78, 0, 1, 0, 0, 0.00%, 8, 0, 1, 94.09, 275485, 12
2813, 78, 0, 1, 0, 0, 0.00%, 8, 0, 1, 94.10, 275929, 12
2818, 78, 0, 1, 0, 0, 0.00%, 8, 0, 1, 83.56, 276352, 12
2823, 78, 0, 1, 0, 0, 0.00%, 8, 0, 1, 88.14, 276816, 12
2828, 78, 0, 1, 0, 0, 0.00%, 8, 0, 1, 89.39, 277266, 12
2833, 79, 0, 1, 0, 0, 0.00%, 8, 0, 1, 91.65, 277743, 12
2838, 79, 0, 1, 0, 0, 0.00%, 8, 0, 1, 91.11, 278212, 12
2843, 79, 0, 1, 0, 0, 0.00%, 8, 0, 1, 90.27, 278672, 12
2849, 79, 0, 1, 0, 0, 0.00%, 8, 0, 1, 88.99, 279133, 12
2854, 79, 0, 1, 0, 0, 0.00%, 8, 0, 1, 93.51, 279611, 12
2859, 79, 0, 1, 0, 0, 0.00%, 8, 0, 1, 90.44, 280043, 12
2864, 79, 0, 1, 0, 0, 0.00%, 8, 0, 1, 89.01, 280505, 12
2869, 79, 0, 1, 0, 0, 0.00%, 8, 0, 1, 96.37, 280987, 12
2874, 80, 0, 1, 0, 0, 0.00%, 8, 0, 1, 94.71, 281478, 12
2879, 80, 0, 1, 0, 0, 0.00%, 8, 0, 1, 89.44, 281926, 12
2884, 80, 0, 1, 0, 0, 0.00%, 8, 0, 1, 103.01, 282453, 12
2889, 80, 0, 1, 0, 0, 0.00%, 8, 0, 1, 99.35, 282925, 12
2895, 80, 0, 1, 0, 0, 0.00%, 8, 0, 1, 98.38, 283400, 12
2900, 80, 0, 1, 0, 0, 0.00%, 8, 0, 1, 91.42, 283843, 12
2905, 80, 0, 1, 0, 0, 0.00%, 8, 0, 1, 83.03, 284243, 12
2910, 81, 0, 1, 0, 0, 0.00%, 8, 0, 1, 94.46, 284725, 12
2915, 81, 0, 1, 0, 0, 0.00%, 8, 0, 1, 87.37, 285157, 12
2920, 81, 0, 1, 0, 0, 0.00%, 8, 0, 1, 88.03, 285595, 12
2925, 81, 0, 1, 0, 0, 0.00%, 8, 0, 1, 98.71, 286108, 12
2930, 81, 0, 1, 0, 0, 0.00%, 8, 0, 1, 94.38, 286581, 12
2936, 81, 0, 1, 0, 0, 0.00%, 8, 0, 1, 93.48, 287058, 12
2941, 81, 0, 1, 0, 0, 0.00%, 8, 0, 1, 92.82, 287542, 12
2946, 81, 0, 1, 0, 0, 0.00%, 8, 0, 1, 89.20, 287991, 12
2951, 82, 0, 1, 0, 0, 0.00%, 8, 0, 1, 83.44, 288425, 12
2956, 82, 0, 1, 0, 0, 0.00%, 8, 0, 1, 90.15, 288896, 12
2961, 82, 0, 1, 0, 0, 0.00%, 8, 0, 1, 92.47, 289386, 12
2966, 82, 0, 1, 0, 0, 0.00%, 8, 0, 1, 91.49, 289823, 12
2971, 82, 0, 1, 0, 0, 0.00%, 8, 0, 1, 94.12, 290303, 12
2976, 82, 0, 1, 0, 0, 0.00%, 8, 0, 1, 94.44, 290775, 12
2981, 82, 0, 1, 0, 0, 0.00%, 8, 0, 1, 93.24, 291248, 12
2986, 83, 0, 1, 0, 0, 0.00%, 8, 0, 1, 104.66, 291783, 12
2992, 83, 0, 1, 0, 0, 0.00%, 8, 0, 1, 101.03, 292291, 12
2997, 83, 0, 1, 0, 0, 0.00%, 8, 0, 1, 104.00, 292813, 12
3002, 83, 0, 1, 0, 0, 0.00%, 8, 0, 1, 99.35, 293301, 12
3007, 83, 0, 1, 0, 0, 0.00%, 8, 0, 1, 99.37, 293817, 12
3012, 83, 0, 1, 0, 0, 0.00%, 8, 0, 1, 95.69, 294304, 12
3017, 83, 0, 1, 0, 0, 0.00%, 8, 0, 1, 97.52, 294823, 12
3022, 84, 0, 1, 0, 0, 0.00%, 8, 0, 1, 90.75, 295273, 12
3027, 84, 0, 1, 0, 0, 0.00%, 8, 0, 1, 93.73, 295750, 12
3032, 84, 0, 1, 0, 0, 0.00%, 8, 0, 1, 101.01, 296284, 12
3038, 84, 0, 1, 0, 0, 0.00%, 8, 0, 1, 101.24, 296785, 12
3043, 84, 0, 1, 0, 0, 0.00%, 8, 0, 1, 96.16, 297250, 12
3048, 84, 0, 1, 0, 0, 0.00%, 8, 0, 1, 94.94, 297744, 12
3053, 84, 0, 1, 0, 0, 0.00%, 8, 0, 1, 97.61, 298253, 12
3058, 85, 0, 1, 0, 0, 0.00%, 8, 0, 1, 100.05, 298762, 12
3063, 85, 0, 1, 0, 0, 0.00%, 8, 0, 1, 83.29, 299170, 12
3068, 85, 0, 1, 0, 0, 0.00%, 8, 0, 1, 98.24, 299664, 12
3073, 85, 0, 1, 0, 0, 0.00%, 8, 0, 1, 92.37, 300109, 12
3078, 85, 0, 1, 0, 0, 0.00%, 8, 0, 1, 84.85, 300529, 12
3084, 85, 0, 1, 0, 0, 0.00%, 8, 0, 1, 85.64, 300973, 12
3089, 85, 0, 1, 0, 0, 0.00%, 8, 0, 1, 97.74, 301475, 12
3094, 85, 0, 1, 0, 0, 0.00%, 8, 0, 1, 91.37, 301932, 12
3099, 86, 0, 1, 0, 0, 0.00%, 8, 0, 1, 100.00, 302422, 12
3104, 86, 0, 1, 0, 0, 0.00%, 8, 0, 1, 89.93, 302860, 12
3109, 86, 0, 1, 0, 0, 0.00%, 8, 0, 1, 79.84, 303293, 12
3114, 86, 0, 1, 0, 0, 0.00%, 8, 0, 1, 95.54, 303782, 12
3119, 86, 0, 1, 0, 0, 0.00%, 8, 0, 1, 96.95, 304267, 12
3124, 86, 0, 1, 0, 0, 0.00%, 8, 0, 1, 90.53, 304722, 12
3129, 86, 0, 1, 0, 0, 0.00%, 8, 0, 1, 97.60, 305233, 12
3134, 86, 0, 1, 0, 0, 0.00%, 8, 0, 1, 97.45, 305726, 12
3140, 87, 0, 1, 0, 0, 0.00%, 8, 0, 1, 97.49, 306230, 12
3145, 87, 0, 1, 0, 0, 0.00%, 8, 0, 1, 101.21, 306743, 12
3150, 87, 0, 1, 0, 0, 0.00%, 8, 0, 1, 92.62, 307209, 12
3155, 87, 0, 1, 0, 0, 0.00%, 8, 0, 1, 92.66, 307679, 12
3160, 87, 0, 1, 0, 0, 0.00%, 8, 0, 1, 95.01, 308148, 12
3165, 87, 0, 1, 0, 0, 0.00%, 8, 0, 1, 89.09, 308594, 12
3170, 87, 0, 1, 0, 0, 0.00%, 8, 0, 1, 94.73, 309066, 12
3175, 88, 0, 1, 0, 0, 0.00%, 8, 0, 1, 94.85, 309563, 12
3180, 88, 0, 1, 0, 0, 0.00%, 8, 0, 1, 90.57, 310014, 12
3186, 88, 0, 1, 0, 0, 0.00%, 8, 0, 1, 92.98, 310494, 12
3191, 88, 0, 1, 0, 0, 0.00%, 8, 0, 1, 91.53, 310953, 12
3196, 88, 0, 1, 0, 0, 0.00%, 8, 0, 1, 96.98, 311445, 12
3201, 88, 0, 1, 0, 0, 0.00%, 8, 0, 1, 100.81, 311957, 12
3206, 88, 0, 1, 0, 0, 0.00%, 8, 0, 1, 102.97, 312448, 12
3211, 89, 0, 1, 0, 0, 0.00%, 8, 0, 1, 96.75, 312932, 12
3216, 89, 0, 1, 0, 0, 0.00%, 8, 0, 1, 99.82, 313434, 12
3221, 89, 0, 1, 0, 0, 0.00%, 8, 0, 1, 94.16, 313916, 12
3226, 89, 0, 1, 0, 0, 0.00%, 8, 0, 1, 88.98, 314364, 12
3231, 89, 0, 1, 0, 0, 0.00%, 8, 0, 1, 100.49, 314886, 12
3237, 89, 0, 1, 0, 0, 0.00%, 8, 0, 1, 48.81, 315372, 12
3242, 89, 0, 1, 0, 0, 0.00%, 8, 0, 1, 81.71, 315825, 12
3247, 89, 0, 1, 0, 0, 0.00%, 8, 0, 1, 86.76, 316287, 12
3252, 90, 0, 1, 0, 0, 0.00%, 8, 0, 1, 89.50, 316748, 12
3257, 90, 0, 1, 0, 0, 0.00%, 8, 0, 1, 91.15, 317196, 12
3262, 90, 0, 1, 0, 0, 0.00%, 8, 0, 1, 92.78, 317669, 12
3267, 90, 0, 1, 0, 0, 0.00%, 8, 0, 1, 92.88, 318155, 12
3272, 90, 0, 1, 0, 0, 0.00%, 8, 0, 1, 88.25, 318567, 12
3277, 90, 0, 1, 0, 0, 0.00%, 8, 0, 1, 92.13, 319042, 12
3283, 90, 0, 1, 0, 0, 0.00%, 8, 0, 1, 94.98, 319529, 12
3288, 91, 0, 1, 0, 0, 0.00%, 8, 0, 1, 92.27, 319981, 12
3293, 91, 0, 1, 0, 0, 0.00%, 8, 0, 1, 93.77, 320474, 12
3298, 91, 0, 1, 0, 0, 0.00%, 8, 0, 1, 89.03, 320915, 12
3303, 91, 0, 1, 0, 0, 0.00%, 8, 0, 1, 103.89, 321434, 12
3308, 91, 0, 1, 0, 0, 0.00%, 8, 0, 1, 90.40, 321911, 12
3313, 91, 0, 1, 0, 0, 0.00%, 8, 0, 1, 93.33, 322395, 12
3318, 91, 0, 1, 0, 0, 0.00%, 8, 0, 1, 100.03, 322906, 12
3324, 91, 0, 1, 0, 0, 0.00%, 8, 0, 1, 94.87, 323383, 12
3329, 92, 0, 1, 0, 0, 0.00%, 8, 0, 1, 92.79, 323844, 12
3334, 92, 0, 1, 0, 0, 0.00%, 8, 0, 1, 99.68, 324369, 12
3339, 92, 0, 1, 0, 0, 0.00%, 8, 0, 1, 92.99, 324831, 12
3344, 92, 0, 1, 0, 0, 0.00%, 8, 0, 1, 87.04, 325268, 12
3349, 92, 0, 1, 0, 0, 0.00%, 8, 0, 1, 89.86, 325724, 12
3354, 92, 0, 1, 0, 0, 0.00%, 8, 0, 1, 84.17, 326141, 12
3360, 92, 0, 1, 0, 0, 0.00%, 8, 0, 1, 90.73, 326626, 12
3365, 93, 0, 1, 0, 0, 0.00%, 8, 0, 1, 92.80, 327098, 12
3370, 93, 0, 1, 0, 0, 0.00%, 8, 0, 1, 99.56, 327614, 12
3375, 93, 0, 1, 0, 0, 0.00%, 8, 0, 1, 96.98, 328096, 12
3380, 93, 0, 1, 0, 0, 0.00%, 8, 0, 1, 100.46, 328616, 12
3385, 93, 0, 1, 0, 0, 0.00%, 8, 0, 1, 101.64, 329134, 12
3390, 93, 0, 1, 0, 0, 0.00%, 8, 0, 1, 93.19, 329602, 12
3395, 93, 0, 1, 0, 0, 0.00%, 8, 0, 1, 93.91, 330075, 12
3400, 94, 0, 1, 0, 0, 0.00%, 8, 0, 1, 91.47, 330537, 12
3406, 94, 0, 1, 0, 0, 0.00%, 8, 0, 1, 96.23, 331013, 12
3411, 94, 0, 1, 0, 0, 0.00%, 8, 0, 1, 86.44, 331466, 12
3416, 94, 0, 1, 0, 0, 0.00%, 8, 0, 1, 82.13, 331897, 12
3421, 94, 0, 1, 0, 0, 0.00%, 8, 0, 1, 97.42, 332401, 12
3426, 94, 0, 1, 0, 0, 0.00%, 8, 0, 1, 98.50, 332902, 12
3431, 94, 0, 1, 0, 0, 0.00%, 8, 0, 1, 92.14, 333367, 12
3436, 94, 0, 1, 0, 0, 0.00%, 8, 0, 1, 100.07, 333877, 12
3442, 95, 0, 1, 0, 0, 0.00%, 8, 0, 1, 94.24, 334355, 12
3447, 95, 0, 1, 0, 0, 0.00%, 8, 0, 1, 93.35, 334832, 12
3452, 95, 0, 1, 0, 0, 0.00%, 8, 0, 1, 100.93, 335348, 12
3457, 95, 0, 1, 0, 0, 0.00%, 8, 0, 1, 88.13, 335801, 12
3462, 95, 0, 1, 0, 0, 0.00%, 8, 0, 1, 98.54, 336312, 12
3467, 95, 0, 1, 0, 0, 0.00%, 8, 0, 1, 96.49, 336777, 12
3473, 95, 0, 1, 0, 0, 0.00%, 8, 0, 1, 93.39, 337237, 12
3478, 96, 0, 1, 0, 0, 0.00%, 8, 0, 1, 93.70, 337725, 12
3483, 96, 0, 1, 0, 0, 0.00%, 8, 0, 1, 93.21, 338191, 12
3488, 96, 0, 1, 0, 0, 0.00%, 8, 0, 1, 93.65, 338666, 12
3493, 96, 0, 1, 0, 0, 0.00%, 8, 0, 1, 97.42, 339157, 12
3498, 96, 0, 1, 0, 0, 0.00%, 8, 0, 1, 93.95, 339646, 12
3503, 96, 0, 1, 0, 0, 0.00%, 8, 0, 1, 88.56, 340091, 12
3509, 96, 0, 1, 0, 0, 0.00%, 8, 0, 1, 90.70, 340573, 12
3514, 97, 0, 1, 0, 0, 0.00%, 8, 0, 1, 91.95, 341041, 12
3519, 97, 0, 1, 0, 0, 0.00%, 8, 0, 1, 92.27, 341499, 12
3524, 97, 0, 1, 0, 0, 0.00%, 8, 0, 1, 94.67, 341963, 12
3529, 97, 0, 1, 0, 0, 0.00%, 8, 0, 1, 89.79, 342420, 12
3534, 97, 0, 1, 0, 0, 0.00%, 8, 0, 1, 100.11, 342901, 12
3539, 97, 0, 1, 0, 0, 0.00%, 8, 0, 1, 91.95, 343372, 12
3544, 97, 0, 1, 0, 0, 0.00%, 8, 0, 1, 94.43, 343860, 12
3549, 97, 0, 1, 0, 0, 0.00%, 8, 0, 1, 90.03, 344306, 12
3554, 98, 0, 1, 0, 0, 0.00%, 8, 0, 1, 97.04, 344798, 12
3559, 98, 0, 1, 0, 0, 0.00%, 8, 0, 1, 93.14, 345281, 12
3565, 98, 0, 1, 0, 0, 0.00%, 8, 0, 1, 104.99, 345811, 12
3570, 98, 0, 1, 0, 0, 0.00%, 8, 0, 1, 93.38, 346291, 12
3575, 98, 0, 1, 0, 0, 0.00%, 8, 0, 1, 92.39, 346759, 12
3580, 98, 0, 1, 0, 0, 0.00%, 8, 0, 1, 85.59, 347176, 12
3585, 98, 0, 1, 0, 0, 0.00%, 8, 0, 1, 94.56, 347663, 12
3590, 99, 0, 1, 0, 0, 0.00%, 8, 0, 1, 103.60, 348189, 12
3595, 99, 0, 1, 0, 0, 0.00%, 8, 0, 1, 95.47, 348653, 12
3600, 99, 0, 1, 0, 0, 0.00%, 8, 0, 1, 92.76, 349119, 12
3606, 99, 0, 1, 0, 0, 0.00%, 8, 0, 1, 97.57, 349614, 12
3611, 99, 0, 1, 0, 0, 0.00%, 8, 0, 1, 88.52, 350042, 12
3616, 99, 0, 1, 0, 0, 0.00%, 8, 0, 1, 90.59, 350499, 12
3621, 99, 0, 1, 0, 0, 0.00%, 8, 0, 1, 100.19, 350993, 12
3626, 99, 0, 1, 0, 0, 0.00%, 8, 0, 1, 98.70, 351465, 12
3631, 100, 0, 1, 0, 0, 0.00%, 8, 0, 1, 99.14, 351962, 12
3636, 100, 0, 1, 0, 0, 0.00%, 8, 0, 1, 90.51, 352409, 12
3641, 100, 0, 1, 0, 0, 0.00%, 8, 0, 1, 86.64, 352826, 12
3646, 100, 0, 1, 0, 0, 0.00%, 8, 0, 1, 96.36, 353314, 12
3651, 100, 0, 1, 0, 0, 0.00%, 8, 0, 1, 84.43, 353743, 12
3656, 100, 0, 1, 0, 0, 0.00%, 8, 0, 1, 87.72, 354229, 12
3661, 100, 0, 1, 0, 0, 0.00%, 8, 0, 1, 73.72, 354598, 12
3667, 100, 0, 1, 0, 0, 0.00%, 8, 0, 1, 84.56, 355046, 12
3672, 101, 0, 1, 0, 0, 0.00%, 8, 0, 1, 88.70, 355482, 12
3677, 101, 0, 1, 0, 0, 0.00%, 8, 0, 1, 96.19, 355977, 12
3682, 101, 0, 1, 0, 0, 0.00%, 8, 0, 1, 91.16, 356440, 12
3687, 101, 0, 1, 0, 0, 0.00%, 8, 0, 1, 97.58, 356926, 12
3692, 101, 0, 1, 0, 0, 0.00%, 8, 0, 1, 83.58, 357340, 12
3697, 101, 0, 1, 0, 0, 0.00%, 8, 0, 1, 83.02, 357774, 12
3703, 101, 0, 1, 0, 0, 0.00%, 8, 0, 1, 83.90, 358227, 12
3708, 102, 0, 1, 0, 0, 0.00%, 8, 0, 1, 89.66, 358700, 12
3713, 102, 0, 1, 0, 0, 0.00%, 8, 0, 1, 94.31, 359194, 12
3718, 102, 0, 1, 0, 0, 0.00%, 8, 0, 1, 91.19, 359659, 12
3723, 102, 0, 1, 0, 0, 0.00%, 8, 0, 1, 95.46, 360132, 12
3728, 102, 0, 1, 0, 0, 0.00%, 8, 0, 1, 93.94, 360617, 12
3734, 102, 0, 1, 0, 0, 0.00%, 8, 0, 1, 95.55, 361081, 12
3739, 102, 0, 1, 0, 0, 0.00%, 8, 0, 1, 93.57, 361540, 12
3744, 102, 0, 1, 0, 0, 0.00%, 8, 0, 1, 93.16, 362005, 12
3749, 103, 0, 1, 0, 0, 0.00%, 8, 0, 1, 87.68, 362444, 12
3769, 103, 0, 1, 0, 0, 0.00%, 8, 0, 1, 0.06, 362769, 12
3774, 103, 0, 1, 0, 0, 0.00%, 8, 0, 1, 89.91, 363252, 12
3779, 103, 0, 1, 0, 0, 0.00%, 8, 0, 1, 96.93, 363749, 12
3784, 103, 0, 1, 0, 0, 0.00%, 8, 0, 1, 96.96, 364229, 12
3786, 103, 0, 1, 0, 0, 0.00%, 8, 0, 1, 93.11, 364378, 12
